2
3
998
994
990
986
982
978
974
970
966
962
958
954
950
946
942
938
934
930
926
922
918
914
910
906
902
898
894
890
886
882
878
874
870
866
862
858
854
850
846
842
838
834
830
826
822
818
814
810
806
802
798
794
790
786
782
778
774
770
766
762
758
754
750
746
742
738
734
730
726
722
718
714
710
706
702
698
694
690
686
682
678
674
670
666
662
658
654
650
646
642
638
634
630
626
622
618
614
610
606
602
598
594
590
586
582
578
574
570
566
562
558
554
550
546
542
538
534
530
526
522
518
514
510
506
502
498
494
490
486
482
478
474
470
466
462
458
454
450
446
442
438
434
430
426
422
418
414
410
406
402
398
394
390
386
382
378
374
370
366
362
358
354
350
346
342
338
334
330
326
322
318
314
310
306
302
298
294
290
286
282
278
274
270
266
262
258
254
250
246
242
238
234
230
226
222
218
214
210
206
202
198
194
190
186
182
178
174
170
166
162
158
154
150
146
142
138
134
130
126
122
118
114
110
106
102
98
94
90
86
82
78
74
70
66
62
58
54
50
46
42
38
34
30
26
22
18
14
10
6
2
746
742
738
734
730
726
722
718
714
710
706
702
698
694
690
686
682
678
674
670
666
662
658
654
650
646
642
638
634
630
626
622
618
614
610
606
602
598
594
590
586
582
578
574
570
566
562
558
554
550
546
542
538
534
530
526
522
518
514
510
506
502
498
494
490
486
482
478
474
470
466
462
458
454
450
446
442
438
434
430
426
422
418
414
410
406
402
398
394
390
386
382
378
374
370
366
362
358
354
350
346
342
338
334
330
326
322
318
314
310
306
302
298
294
290
286
282
278
274
270
266
262
258
254
250
246
242
238
234
230
226
222
218
214
210
206
202
198
194
190
186
182
178
174
170
166
162
158
154
150
146
142
138
134
130
126
122
118
114
110
106
102
98
94
90
86
82
78
74
70
66
62
58
54
50
46
42
38
34
30
26
22
18
14
10
6
2
10
6
2
800
796
792
788
784
780
779
778
777
773
769
768
767
763
759
755
751
747
743
742
741
737
733
729
725
721
717
716
715
711
707
703
699
695
691
690
689
685
681
677
673
669
665
664
663
659
655
651
647
643
639
638
637
633
629
625
621
617
613
612
611
607
603
599
595
591
587
586
585
581
577
573
569
565
561
560
559
555
551
547
543
539
535
534
533
529
525
521
517
513
509
508
507
503
499
495
491
487
483
482
481
477
473
469
465
461
457
456
455
451
447
443
439
435
431
430
429
425
421
417
413
409
405
404
403
399
395
391
387
383
379
378
377
373
369
365
361
357
353
352
351
347
343
339
335
331
327
326
325
321
317
313
309
305
301
300
299
295
291
287
283
279
275
274
273
269
265
261
257
253
249
248
247
243
239
235
231
227
223
222
221
217
213
209
205
201
197
196
195
191
187
183
179
175
171
170
169
165
161
157
153
149
145
144
143
139
135
131
127
123
119
118
117
113
109
105
101
97
93
92
91
87
83
79
75
71
67
66
65
61
57
53
49
45
41
40
39
35
31
27
23
19
15
14
13
9
5
1
1
730
726
722
718
714
713
709
705
701
697
693
689
685
681
677
673
669
665
661
657
653
649
645
641
637
633
629
625
621
617
613
609
605
601
597
593
589
585
581
577
573
569
565
561
557
553
549
545
541
537
533
529
525
521
517
513
509
505
501
497
493
489
485
481
477
473
469
465
461
457
453
449
445
441
437
433
429
425
421
417
413
409
405
401
397
393
389
385
381
377
373
369
365
361
357
353
349
345
341
337
333
329
325
321
317
313
309
305
301
297
293
289
285
281
277
273
269
265
261
257
253
249
245
241
237
233
229
225
221
217
213
209
205
201
197
193
189
185
181
177
173
169
165
161
157
153
149
145
141
137
133
129
125
121
117
113
109
105
101
97
93
89
85
81
77
73
69
65
61
57
53
49
45
41
37
33
29
25
21
17
13
9
5
1
21
17
16
12
8
4
0
999
998
997
996
995
994
993
992
991
987
986
985
984
983
982
981
980
979
978
977
976
975
974
973
969
968
967
966
965
964
963
962
961
960
959
958
957
956
952
948
947
943
939
938
937
936
932
928
927
923
919
918
917
916
912
908
907
903
899
898
897
896
892
888
887
883
879
878
877
876
872
868
867
863
859
858
857
856
852
848
847
843
839
838
837
836
832
828
827
823
819
818
817
816
812
808
807
803
799
798
797
796
792
788
787
783
779
778
777
776
772
768
767
763
759
758
757
756
752
748
747
743
739
738
737
736
732
728
727
723
719
718
717
716
712
708
707
703
699
698
697
696
692
688
687
683
679
678
677
676
672
668
667
663
659
658
657
656
652
648
647
643
639
638
637
636
632
628
627
623
619
618
617
616
612
608
607
603
599
598
597
596
592
588
587
583
579
578
577
576
572
568
567
563
559
558
557
556
552
548
547
543
539
538
537
536
532
528
527
523
519
518
517
516
512
508
507
503
499
498
497
496
492
488
487
483
479
478
477
476
472
468
467
463
459
458
457
456
452
448
447
443
439
438
437
436
432
428
427
423
419
418
417
416
412
408
407
406
402
398
397
396
395
394
390
386
385
384
380
376
375
371
370
366
362
358
354
350
346
342
338
334
330
326
322
318
314
310
306
302
298
294
290
286
282
278
274
270
266
262
258
254
250
246
242
238
234
230
226
222
218
214
210
206
202
198
194
190
186
182
178
174
170
166
162
158
154
150
146
142
138
134
130
126
122
118
114
110
106
102
98
94
90
86
82
78
74
70
66
62
58
54
50
46
42
38
34
30
26
22
18
14
10
6
2
14
10
6
2
883
879
878
877
873
869
865
861
857
856
855
851
847
843
842
838
837
833
829
825
821
820
819
818
814
810
806
805
804
803
799
795
791
787
783
782
781
780
779
778
777
773
769
768
764
760
759
758
757
753
752
748
747
746
745
741
737
736
732
728
727
723
722
721
720
719
718
717
713
709
705
701
700
699
698
697
696
695
691
687
686
685
684
680
676
675
674
673
669
668
667
666
665
661
657
653
649
645
641
637
633
632
631
630
629
625
621
617
613
612
608
607
606
605
604
600
599
598
594
590
586
582
578
574
573
572
571
567
563
559
555
551
550
549
548
547
546
545
541
537
536
532
528
527
526
525
521
520
516
515
514
513
509
505
504
500
496
495
491
490
489
488
487
486
485
481
477
473
469
468
467
466
465
464
463
459
455
454
453
452
448
444
443
442
441
437
436
435
434
433
429
425
421
417
413
409
405
401
400
399
398
397
393
389
385
381
380
376
375
374
373
372
368
367
366
362
358
354
350
346
342
341
340
339
335
331
327
323
319
318
317
316
315
314
313
309
305
304
300
296
295
294
293
289
288
284
283
282
281
277
273
272
268
264
263
259
258
257
256
255
254
253
249
245
241
237
236
235
234
233
232
231
227
223
222
221
220
216
212
211
210
209
205
204
203
202
201
197
193
189
185
181
177
173
169
168
167
166
165
161
157
153
149
148
144
143
142
141
140
136
135
134
130
126
122
118
114
110
109
108
107
103
99
95
91
87
86
85
84
83
82
78
77
76
72
68
64
63
62
61
57
56
52
48
44
40
36
35
34
33
29
28
24
20
19
15
11
7
3
9
5
1
1
266
262
261
257
253
249
245
244
240
236
232
228
224
220
216
212
208
204
203
199
195
191
187
183
179
175
171
167
163
159
155
151
147
143
139
135
131
127
126
122
118
114
110
106
102
98
94
90
86
82
78
74
70
69
65
61
57
53
49
45
41
37
33
29
25
24
20
16
12
8
4
0
999
998
997
996
995
994
993
992
991
990
989
988
987
986
982
981
980
979
978
977
976
975
974
973
969
965
964
960
959
958
957
956
955
951
950
949
948
947
946
945
944
943
942
941
940
939
935
934
930
929
928
927
926
922
921
920
919
915
914
910
909
905
901
897
896
895
894
890
889
888
887
883
882
878
874
873
872
871
870
866
862
861
860
856
855
854
853
852
848
847
846
845
841
840
839
838
837
833
832
828
824
820
816
812
808
804
803
802
798
797
793
792
791
790
789
788
787
786
782
778
777
776
775
774
773
772
768
767
766
765
764
760
759
758
754
750
746
742
741
740
739
738
734
730
729
725
724
720
716
715
714
710
709
708
707
706
702
701
697
693
689
688
687
686
682
681
677
673
672
671
670
669
668
667
666
665
661
660
656
652
651
650
649
648
647
646
645
641
640
639
638
637
633
629
628
624
623
622
621
620
616
612
611
610
609
605
601
597
596
595
594
593
592
591
590
586
585
584
583
582
581
580
579
578
574
573
572
568
567
566
562
561
557
553
549
545
544
543
542
541
540
539
538
537
536
532
531
530
526
525
521
517
516
512
511
507
503
502
501
497
496
492
488
487
483
482
481
477
476
475
471
470
469
468
467
466
462
461
460
459
458
457
453
452
451
447
443
439
435
434
430
429
425
421
420
419
415
414
413
409
405
401
397
396
395
391
390
386
385
384
383
382
378
377
373
372
371
370
369
365
364
363
362
361
357
356
355
354
353
352
351
347
346
342
341
340
336
335
334
330
329
325
324
323
319
318
314
313
309
305
301
297
296
292
288
287
283
279
275
271
267
263
262
258
257
253
249
245
244
240
236
232
228
227
223
219
215
211
207
203
199
195
191
187
183
179
178
174
170
166
162
158
154
153
149
145
141
137
133
129
125
121
117
116
112
108
104
103
99
95
91
87
83
79
75
71
67
63
59
55
54
53
49
48
47
43
39
35
34
30
26
22
18
14
10
6
2
916
915
914
913
912
911
910
909
908
907
906
905
904
903
902
901
897
896
895
894
890
886
885
884
883
882
878
874
870
869
868
867
866
865
864
863
862
858
854
853
852
851
850
849
845
841
840
839
838
837
836
835
834
830
829
825
824
823
822
821
820
816
812
811
810
809
808
804
803
802
801
797
796
792
791
787
783
782
778
774
770
769
765
761
760
756
752
751
750
746
745
741
737
736
732
728
727
726
725
721
720
719
718
717
713
712
708
707
706
705
701
697
693
692
691
690
689
688
684
683
679
678
677
676
675
674
673
672
671
670
666
662
661
660
656
652
651
647
646
642
641
637
636
632
628
624
623
619
618
614
613
609
605
604
603
602
598
594
593
589
585
584
580
579
575
571
567
563
559
555
551
547
543
539
535
531
530
529
528
524
520
516
515
511
510
506
505
504
503
499
498
497
493
492
491
487
483
479
475
471
467
463
462
458
457
456
452
448
444
443
442
441
437
433
432
431
430
429
428
427
426
425
421
417
413
409
405
401
400
396
395
391
387
383
382
381
377
376
375
371
370
369
365
361
360
356
352
351
347
346
345
344
343
342
338
334
330
326
325
324
320
319
318
314
310
306
302
301
300
299
298
294
290
289
285
281
280
276
272
271
270
269
268
267
263
259
255
254
250
249
248
247
246
245
244
240
236
232
228
224
220
219
218
214
210
206
202
198
197
196
192
188
184
180
176
172
168
164
160
156
155
151
150
146
145
141
140
136
132
128
124
120
116
112
111
107
106
105
101
97
93
92
88
87
83
82
78
77
73
72
68
64
60
59
55
51
47
46
42
41
37
33
29
25
21
17
13
9
8
4
0
999
998
997
996
992
991
990
989
988
987
986
985
984
983
982
981
980
979
978
977
976
975
974
973
972
971
970
969
968
967
966
962
961
960
959
958
954
953
952
951
950
949
948
947
946
945
944
943
942
941
940
939
938
937
936
932
931
930
929
925
921
920
919
915
914
913
909
908
904
903
902
901
900
899
898
897
896
895
894
893
892
891
890
889
888
887
886
885
881
880
879
875
874
873
872
871
870
866
865
864
863
862
861
860
859
858
857
856
852
851
850
849
848
847
846
845
844
840
839
838
837
836
832
831
830
826
825
824
823
822
821
820
816
812
808
804
803
799
798
797
796
792
788
787
783
779
775
774
770
769
768
764
763
759
755
754
750
746
745
741
737
733
729
728
724
720
719
715
711
710
709
708
707
706
702
698
694
693
692
691
690
689
688
684
680
676
672
671
670
669
668
664
660
659
658
654
650
646
645
641
640
639
635
631
627
623
622
621
617
613
612
611
610
606
602
601
600
596
592
591
587
586
585
584
580
579
578
577
576
575
571
567
566
562
558
557
553
549
545
541
540
539
538
537
533
529
525
521
520
516
515
514
513
509
508
507
506
505
501
500
496
495
491
487
483
479
475
471
467
463
462
458
454
453
449
445
441
440
439
435
434
430
429
428
427
426
425
424
423
422
421
420
419
415
411
407
406
405
404
403
402
398
397
396
392
391
387
386
385
384
380
376
372
371
370
366
365
361
357
356
355
354
353
352
351
347
343
342
338
337
336
332
331
330
329
325
321
317
313
312
308
304
303
299
295
291
287
283
282
281
280
279
275
274
270
266
262
258
254
253
252
248
247
246
242
238
234
233
232
228
227
226
222
218
214
210
206
202
198
194
190
186
182
178
177
173
169
165
161
157
156
152
148
144
140
136
135
131
127
123
119
118
114
110
106
105
101
97
93
89
85
81
77
76
72
68
64
60
56
52
48
44
40
36
32
28
24
20
16
12
8
4
0
999
998
997
996
995
994
993
992
991
990
989
988
987
986
982
981
980
979
978
977
976
975
974
973
972
971
970
969
968
967
966
965
964
963
962
961
960
959
958
957
956
952
951
950
949
948
947
946
945
944
943
942
941
940
939
938
937
936
935
934
933
932
931
930
929
928
927
926
922
921
920
919
918
917
916
915
914
913
912
908
907
906
902
901
900
899
898
897
893
892
891
887
886
885
884
880
879
878
877
876
875
874
873
872
871
870
869
868
867
866
865
864
863
862
861
857
856
855
854
853
852
851
850
846
845
844
840
839
838
837
836
835
834
833
832
828
827
826
825
824
823
822
821
820
816
812
811
810
809
808
807
803
802
798
797
796
795
791
787
786
785
781
777
776
775
771
770
766
765
764
760
759
758
757
753
752
751
747
746
745
744
743
742
741
740
739
738
734
733
732
728
727
726
722
718
714
713
712
711
710
709
708
704
700
699
698
697
696
695
691
687
683
682
681
677
673
672
671
670
666
662
661
660
659
658
657
656
652
648
644
640
636
632
631
627
623
622
621
617
613
612
608
604
603
602
598
594
593
592
591
590
589
585
581
580
579
575
571
567
563
559
558
554
550
546
542
541
540
536
532
528
524
523
519
518
517
516
512
511
507
503
502
498
497
496
495
494
493
492
491
487
486
482
478
474
473
469
468
467
463
462
458
457
453
449
448
447
443
439
438
434
430
429
425
424
423
422
418
414
410
406
402
398
397
396
392
391
390
386
382
378
374
370
366
365
364
363
359
355
351
350
346
342
341
337
336
332
328
327
326
322
318
317
313
309
308
304
303
302
298
294
290
286
282
281
280
276
275
271
267
263
259
255
254
250
246
242
241
237
233
229
225
221
217
213
212
208
204
200
199
195
194
190
186
182
178
174
170
166
165
161
157
156
152
148
147
143
139
138
134
130
126
125
121
117
113
109
105
101
100
96
92
88
84
80
76
72
68
64
60
56
52
48
44
43
39
35
31
27
23
19
15
11
7
3
154
150
146
142
138
134
130
126
122
118
114
113
109
105
101
97
93
89
85
81
77
73
69
65
61
57
53
49
45
41
37
33
29
25
21
17
13
9
5
1
840
839
838
834
833
832
831
830
829
828
827
826
825
824
823
819
818
817
816
812
811
810
809
805
804
803
799
798
797
796
792
791
787
783
782
778
774
773
772
768
767
766
765
764
763
759
758
757
756
752
751
750
746
745
744
740
739
738
737
736
735
734
733
729
728
727
726
725
724
720
716
715
714
713
712
711
707
706
702
701
700
699
695
691
690
689
688
687
686
682
681
677
676
672
668
664
663
662
661
657
653
652
648
647
643
642
641
640
636
635
631
627
623
622
618
617
616
615
614
613
612
611
607
606
605
601
600
599
595
594
593
589
588
584
583
579
578
574
573
572
568
567
566
565
564
560
556
555
551
547
543
539
535
531
527
523
522
518
517
516
515
514
510
506
502
498
494
493
489
485
484
483
482
481
480
479
478
474
470
466
462
458
454
453
449
445
441
437
436
432
431
427
423
419
415
411
407
406
402
398
394
390
386
382
378
374
370
366
362
358
354
350
346
342
338
337
336
332
328
327
326
325
321
317
313
309
308
304
300
296
292
291
290
289
288
284
283
279
275
274
270
266
262
258
257
256
252
251
247
243
242
238
234
230
226
222
218
214
213
212
208
204
203
199
198
194
193
189
185
184
180
176
172
168
164
160
156
152
148
144
140
136
132
128
124
120
116
112
111
107
103
102
98
97
93
89
85
81
77
73
69
65
61
57
53
49
45
41
37
33
29
25
21
17
13
9
5
1
936
935
934
933
932
931
930
929
928
927
926
925
924
923
922
918
917
916
915
914
913
912
911
910
909
905
904
903
902
901
900
899
898
897
896
895
894
893
892
891
890
889
888
887
886
885
884
883
882
881
880
876
875
874
873
872
871
870
869
868
867
863
862
861
860
859
858
857
856
855
854
853
852
851
850
849
848
847
843
842
841
840
839
838
834
833
832
831
830
829
828
827
826
822
821
817
816
815
814
813
812
811
810
809
808
807
803
802
801
800
796
792
788
787
783
782
778
777
776
775
771
767
763
762
758
754
753
752
751
750
749
745
744
740
739
735
734
733
732
731
730
729
728
724
720
716
715
711
710
709
708
704
703
699
698
697
696
695
694
690
686
685
684
683
682
681
677
676
675
674
673
672
671
670
669
668
664
663
659
658
654
653
652
648
647
646
645
644
640
636
632
631
630
629
628
627
623
622
621
617
616
612
611
610
606
605
604
600
599
598
597
593
592
591
587
586
585
584
583
582
581
580
576
572
568
567
563
559
555
554
553
552
548
547
543
539
538
534
530
529
525
524
520
519
515
511
510
506
502
501
500
499
498
497
496
492
488
487
483
479
475
474
470
466
462
458
454
450
446
442
438
437
436
435
434
433
432
431
427
423
422
421
420
419
415
411
407
403
399
395
391
387
386
382
378
374
370
366
362
358
354
350
346
345
344
340
336
335
331
327
323
322
318
317
316
312
308
304
300
296
295
291
287
283
279
275
271
267
263
262
258
254
250
246
242
238
237
233
229
225
224
220
216
215
214
210
206
202
198
197
193
189
188
187
183
182
178
174
170
166
162
158
154
150
146
142
138
134
130
126
122
118
114
113
109
105
101
97
93
89
85
81
77
73
69
65
61
57
53
49
45
41
37
33
29
25
21
17
13
9
5
1
310
309
305
301
297
293
289
285
284
280
276
272
268
264
260
259
255
251
247
243
242
238
237
233
229
228
227
226
222
218
214
210
206
202
198
194
190
186
182
181
177
173
169
165
161
157
153
149
145
144
140
136
132
128
124
120
116
112
108
104
100
99
95
91
87
83
79
75
71
67
63
59
55
51
47
43
42
38
37
33
29
25
21
17
13
9
5
1
920
916
915
914
913
912
911
910
909
908
904
903
902
901
900
899
898
897
896
895
894
893
892
891
890
889
888
887
886
885
881
880
879
878
877
876
875
871
870
869
868
867
863
862
858
857
856
855
854
853
849
848
847
846
845
844
843
842
841
840
839
838
837
836
835
834
833
832
831
830
826
825
824
823
822
821
820
819
818
814
813
812
811
810
806
805
804
803
802
798
794
793
792
791
790
789
788
787
786
785
784
783
782
781
780
776
775
771
767
766
765
764
760
759
758
757
756
755
754
753
752
751
750
749
748
747
746
745
744
740
739
738
734
733
732
731
730
729
728
727
726
725
721
720
719
718
717
716
715
714
713
712
711
707
706
702
698
694
693
692
691
690
689
688
687
686
682
681
680
676
675
671
670
669
668
664
663
662
661
660
659
658
654
650
649
648
644
643
642
638
637
636
635
631
627
626
622
618
617
613
609
608
604
603
602
601
600
599
598
597
596
595
594
593
589
588
584
583
582
581
580
579
578
577
576
575
574
573
569
568
567
566
562
558
554
550
549
548
547
543
542
541
540
539
535
531
527
523
522
521
517
516
512
508
504
503
499
498
497
496
495
494
493
489
485
481
480
476
472
468
464
460
459
458
454
453
452
451
447
446
445
444
443
442
441
437
433
429
425
421
417
413
409
405
404
400
399
395
391
387
383
382
381
377
373
369
365
361
360
356
355
351
347
343
342
338
334
330
329
325
321
317
313
309
305
301
297
296
292
291
287
283
282
278
274
273
272
271
267
263
259
255
254
253
249
245
241
237
233
232
231
227
223
219
215
211
210
206
202
198
197
193
192
188
184
180
176
172
171
167
166
162
158
154
150
146
142
138
134
130
126
122
118
114
110
106
102
98
97
93
89
85
81
77
73
69
65
61
57
53
49
45
41
40
36
32
28
24
20
16
12
8
4
0
999
998
997
996
995
994
993
989
988
987
986
985
984
983
982
981
980
979
978
977
976
975
974
973
972
971
970
966
965
961
960
959
958
957
956
955
954
950
946
945
944
943
942
941
940
939
938
937
936
935
934
933
932
931
927
926
925
924
923
922
921
920
919
918
917
916
915
914
913
912
911
910
909
908
907
906
902
898
897
893
892
891
890
889
888
887
886
885
881
880
879
878
877
876
875
871
870
866
865
864
863
862
861
860
859
858
854
853
852
851
850
849
848
847
846
845
844
843
842
838
837
836
835
834
833
832
831
830
829
828
824
823
822
818
817
816
815
814
810
809
808
804
803
802
801
800
799
798
797
796
795
794
793
792
791
787
786
782
778
777
776
772
771
770
769
768
767
766
765
761
760
756
752
751
750
749
748
744
743
742
741
740
739
735
734
733
729
725
724
720
719
718
717
716
715
714
710
706
702
701
700
699
698
697
696
692
691
687
686
685
684
683
679
678
674
670
669
668
667
666
662
661
660
659
658
657
653
652
651
647
646
645
644
643
639
635
634
633
629
628
627
626
622
621
617
616
615
614
613
612
611
610
606
602
598
597
593
592
591
590
586
585
581
580
576
572
568
567
563
562
561
560
559
558
554
553
549
545
541
540
536
535
534
533
532
531
530
526
525
521
520
516
515
511
507
503
499
498
497
496
495
491
487
483
479
475
474
473
472
471
470
469
468
464
460
459
458
454
450
446
445
441
440
439
435
434
433
429
425
424
420
419
415
411
410
409
405
404
400
399
398
394
393
392
388
384
380
376
375
371
370
369
365
364
360
359
358
357
353
352
348
344
343
339
335
331
330
326
322
318
317
316
315
311
307
303
302
298
297
296
292
288
284
283
282
281
280
276
272
271
267
263
259
258
254
250
249
248
244
240
236
232
231
227
226
222
218
214
210
206
205
204
203
199
195
191
187
183
179
175
171
167
163
159
155
151
147
143
142
138
134
130
129
125
121
117
113
109
108
104
103
99
98
94
90
86
85
81
77
73
69
65
61
57
53
49
45
41
37
33
29
25
21
17
13
9
5
1
854
853
849
848
847
846
845
844
840
839
838
837
833
832
828
827
826
825
824
823
819
818
817
816
812
811
810
806
805
804
803
802
801
800
799
795
794
793
789
788
787
786
785
784
783
779
775
774
773
772
771
770
769
768
767
766
765
764
763
762
761
760
759
758
757
756
755
751
750
749
745
741
737
736
732
731
727
726
725
721
720
716
715
714
713
712
711
710
709
705
704
703
699
695
694
693
692
688
684
680
679
675
671
670
669
665
661
660
656
655
654
653
649
648
647
643
642
641
640
639
638
634
633
632
628
627
626
622
618
617
616
615
614
613
612
611
610
606
602
598
594
590
586
585
584
583
582
581
577
576
575
571
567
566
565
561
557
556
555
554
550
546
545
541
540
539
535
534
533
529
528
527
523
522
518
514
513
512
508
507
506
502
498
497
496
495
494
493
492
491
487
483
479
475
471
467
463
459
455
454
450
446
442
441
440
439
438
437
433
429
425
424
423
422
418
414
410
406
402
401
400
396
395
394
390
386
385
384
383
379
375
374
370
366
362
361
360
356
352
348
347
346
342
338
337
336
332
328
327
323
319
315
311
310
306
302
301
300
296
295
294
290
289
288
284
280
279
278
277
273
269
268
264
260
256
252
251
247
246
242
238
234
233
229
225
224
220
216
212
208
204
200
196
192
188
184
180
176
172
171
167
166
162
161
157
153
149
145
141
137
133
129
125
121
117
113
109
105
101
97
93
89
85
81
77
73
69
65
61
57
53
49
45
41
37
33
29
25
21
17
13
9
5
1
987
986
985
984
983
982
981
980
979
978
977
976
975
974
973
972
971
970
966
965
964
960
959
958
957
956
955
954
953
952
951
950
949
948
944
943
942
941
940
939
938
937
936
935
934
933
932
931
930
926
925
924
923
922
921
920
919
915
914
913
912
911
910
906
905
904
903
902
901
900
899
898
894
893
892
891
890
889
888
887
886
885
884
883
882
881
880
879
878
877
876
875
871
870
869
868
864
860
859
858
857
856
855
854
850
849
848
847
846
842
841
840
839
838
837
836
835
831
830
829
825
824
820
819
818
817
816
812
808
807
806
805
804
803
802
801
797
793
792
791
790
786
785
781
780
779
778
777
776
775
774
770
766
762
761
760
759
758
757
756
752
751
750
749
748
747
746
745
744
743
739
738
737
736
735
734
733
732
731
727
723
719
718
714
713
712
711
707
706
702
701
697
693
692
691
687
686
685
684
680
679
675
674
670
669
665
661
660
659
658
657
653
649
648
647
646
645
641
637
636
635
631
630
629
628
627
623
622
621
620
619
615
614
610
606
602
601
600
596
595
594
590
586
585
584
580
579
578
574
573
572
568
567
566
562
558
557
553
549
548
544
543
539
538
537
536
532
528
524
523
522
521
517
513
509
508
507
506
502
498
497
493
489
488
487
483
482
478
477
476
475
474
473
472
471
470
466
465
461
457
456
455
454
450
449
445
441
437
436
432
431
427
426
422
418
417
413
412
411
407
403
399
398
394
393
392
391
387
386
385
381
377
373
369
365
364
363
359
358
357
353
349
345
344
340
336
332
328
324
320
316
312
311
307
303
299
295
291
290
286
282
278
274
270
266
262
261
260
256
252
248
247
243
242
238
234
233
229
225
221
217
216
212
211
207
203
202
198
194
190
186
182
178
174
170
166
165
161
160
156
152
148
144
140
136
132
128
124
120
116
112
108
104
103
99
95
91
87
83
79
75
71
67
63
59
55
51
47
43
39
35
31
27
26
22
21
17
13
9
5
1
595
594
590
589
585
581
580
576
575
574
570
569
565
564
560
559
555
551
547
546
545
541
540
539
535
534
533
532
531
527
526
522
518
517
516
512
511
507
506
505
501
500
499
498
497
493
492
491
487
483
482
481
477
473
469
468
464
463
459
455
451
447
443
439
435
431
427
426
422
418
414
410
406
405
401
397
396
392
388
384
380
376
372
368
364
363
359
358
354
350
346
342
341
337
336
332
328
327
323
322
321
317
316
312
308
304
300
296
292
288
284
280
276
272
268
264
263
259
258
254
250
246
242
238
234
230
229
225
221
220
216
215
211
210
209
205
201
197
196
192
188
187
183
179
175
171
167
163
159
155
151
150
146
142
141
137
133
132
128
124
120
116
112
108
104
100
96
92
88
87
83
79
75
71
67
63
59
55
51
47
43
39
35
31
27
23
19
15
11
7
3
625
624
620
619
615
614
610
606
605
604
600
599
595
594
590
589
585
581
580
576
575
571
567
566
565
561
560
559
558
554
553
549
548
547
546
542
538
537
536
535
534
530
529
528
527
526
525
521
517
516
512
508
507
503
502
501
497
493
492
491
487
486
485
481
477
476
475
471
470
466
462
458
454
453
452
448
447
446
442
438
434
430
426
422
418
414
413
412
408
404
400
399
395
391
390
386
385
384
383
382
381
377
373
369
365
361
357
353
352
348
344
340
339
335
331
330
329
325
324
323
319
315
311
307
303
302
298
294
293
289
285
281
277
273
272
268
264
260
256
252
251
250
246
245
241
237
233
229
225
221
220
216
212
208
204
200
196
192
188
184
180
176
172
168
164
160
156
152
148
144
140
136
132
128
124
120
116
112
108
104
103
99
95
91
87
83
79
75
71
67
63
59
58
54
50
46
42
38
34
30
26
22
18
14
10
6
2
209
205
201
200
196
192
188
184
183
179
175
171
167
163
159
155
151
147
143
139
135
134
130
126
122
118
114
110
106
105
101
97
93
92
88
84
80
76
72
68
67
63
59
55
51
47
43
39
35
31
27
23
19
15
11
7
3
571
570
566
562
561
560
556
555
551
547
546
545
541
540
539
538
537
533
532
531
530
529
525
521
517
513
509
505
504
503
499
495
491
487
486
482
481
480
479
475
471
467
463
462
458
454
450
449
445
441
437
433
429
428
427
423
419
418
417
416
415
411
410
406
402
398
394
393
392
388
384
380
376
372
368
364
363
359
358
354
350
349
345
341
340
336
332
328
327
323
322
321
317
313
312
308
304
300
296
292
288
284
283
282
278
274
270
269
268
264
263
259
255
251
247
243
242
241
237
233
229
225
221
217
216
215
214
210
206
202
198
194
190
186
185
181
177
173
169
165
161
157
153
149
145
141
137
133
132
128
124
123
119
115
114
110
106
102
98
94
90
86
82
78
74
70
66
62
58
54
50
46
42
38
34
30
26
22
18
14
10
6
2
746
742
741
740
739
735
731
730
729
725
721
720
716
715
714
710
706
702
701
700
699
698
697
696
695
691
687
686
685
684
683
679
678
674
673
672
671
667
666
665
664
663
662
658
657
653
652
651
650
649
648
644
643
642
641
640
639
638
637
636
635
631
630
629
628
627
623
622
618
614
613
612
608
604
603
602
598
594
590
589
588
587
583
582
581
580
579
578
577
576
575
571
570
566
565
561
560
556
555
554
550
549
548
544
540
536
535
534
530
529
525
521
517
516
515
514
513
509
505
501
497
496
495
494
493
492
488
487
486
482
478
474
473
469
465
461
460
459
458
454
450
449
448
447
446
442
438
437
433
429
428
424
423
422
418
417
416
412
411
410
406
405
404
400
399
398
394
390
386
385
384
383
379
378
377
373
369
368
364
360
356
352
348
344
340
339
338
337
333
329
325
324
320
319
318
314
310
309
308
307
303
299
295
294
293
289
285
284
280
279
275
271
270
266
262
258
257
253
249
248
244
243
239
235
231
227
223
222
218
214
210
206
205
201
197
193
189
185
181
177
173
169
168
164
163
159
155
151
147
143
139
138
134
130
126
122
118
114
110
106
102
98
97
93
89
85
81
77
73
69
65
64
60
56
52
48
44
40
36
32
28
24
20
16
12
8
4
0
999
998
997
996
995
994
993
992
991
990
989
988
987
986
985
984
983
982
981
980
979
978
977
976
975
974
970
969
968
967
966
965
964
963
962
961
960
959
958
954
953
952
951
950
949
948
947
946
945
944
940
936
935
931
930
929
928
924
920
919
918
917
916
915
914
913
912
911
910
906
905
904
903
902
901
900
899
898
897
893
892
891
887
886
885
884
883
882
881
880
879
878
877
876
875
874
873
872
871
870
869
868
867
866
862
861
860
859
858
854
853
852
851
850
849
848
847
846
845
844
840
839
838
834
833
832
828
827
826
825
821
817
816
815
814
813
812
811
810
809
805
804
803
802
801
800
799
795
791
790
789
788
787
786
782
781
780
776
775
771
767
766
765
764
763
762
758
757
756
755
754
753
752
751
750
746
745
741
740
739
738
737
736
735
734
730
729
728
724
720
716
712
708
707
703
699
698
697
696
695
694
693
689
688
687
683
679
678
677
676
675
671
670
669
668
667
666
665
664
663
662
658
657
656
655
651
650
649
645
641
637
633
632
631
630
629
625
621
617
616
615
614
613
612
611
610
606
602
601
600
599
595
594
593
592
591
590
586
585
581
577
576
575
574
573
569
565
561
560
556
552
548
544
543
539
538
537
533
529
528
524
523
519
518
514
513
509
505
501
500
499
495
494
493
492
491
487
486
485
481
480
476
472
468
467
463
462
458
457
453
452
448
447
446
445
441
437
433
432
431
427
426
422
418
417
413
412
408
407
406
402
401
397
393
389
385
381
377
373
372
368
364
360
356
355
354
353
349
348
344
340
339
335
331
327
323
319
315
314
310
309
308
304
303
302
301
297
293
289
285
281
277
273
272
268
267
263
259
255
251
250
246
242
238
234
233
229
225
224
220
216
215
214
210
206
202
198
194
190
186
182
178
174
173
169
165
161
160
159
155
151
147
143
139
138
134
130
126
122
118
114
110
106
102
98
94
90
86
82
78
74
70
66
62
58
54
50
46
42
38
34
30
26
22
18
14
10
6
2
871
867
866
865
864
863
859
858
854
853
852
851
850
846
842
838
837
836
835
834
833
832
831
830
829
828
827
826
825
824
823
822
821
820
819
818
817
813
812
811
810
809
808
807
803
799
798
797
796
795
794
790
789
785
784
783
782
781
777
776
775
774
773
772
768
767
766
762
761
760
759
758
757
756
755
751
747
743
742
741
740
739
735
734
733
732
731
727
726
722
718
714
713
712
711
710
709
705
701
700
696
695
694
693
692
688
684
683
682
681
680
676
675
671
667
663
662
661
657
656
652
651
647
646
645
641
640
636
635
631
630
629
625
624
623
622
621
617
616
615
614
610
609
608
604
600
596
592
591
587
583
582
581
577
573
569
568
567
566
562
558
557
553
549
548
547
546
542
541
537
533
529
525
521
520
516
512
511
507
503
502
498
494
490
486
482
481
480
476
472
468
464
463
459
455
451
447
443
442
438
437
436
435
434
430
426
425
424
420
416
412
408
404
400
396
395
391
390
386
385
381
380
376
375
371
370
366
365
364
360
359
355
351
350
349
345
341
340
336
332
328
324
320
319
315
311
307
303
302
298
294
290
289
285
284
280
276
272
268
267
263
262
258
254
250
246
242
241
240
236
232
228
224
220
216
212
211
210
206
202
198
194
190
189
185
181
177
173
169
165
164
160
156
152
151
147
143
139
138
134
130
126
122
118
114
110
106
102
98
94
90
86
82
78
74
70
66
62
58
54
50
46
42
38
34
30
26
22
18
14
10
6
2
416
415
411
407
406
402
398
394
393
392
388
387
386
382
381
377
376
372
368
364
360
356
352
348
347
343
339
335
331
327
326
322
318
317
313
309
305
301
297
296
292
288
284
283
282
281
280
279
278
274
270
266
262
258
254
250
246
245
241
240
239
235
234
230
226
225
224
220
216
212
211
207
203
199
198
194
190
186
182
178
177
173
172
168
167
166
162
158
154
150
146
142
138
134
130
126
122
118
114
113
109
105
101
97
93
89
85
81
77
73
69
65
61
57
53
49
45
41
37
33
29
25
21
17
13
9
5
1
156
152
148
144
140
136
132
128
124
120
116
112
108
104
100
96
92
88
84
80
76
72
68
64
60
56
52
48
44
40
36
35
31
27
23
19
15
11
7
3
672
668
667
666
662
661
660
659
658
657
656
655
654
650
649
645
641
640
639
635
634
633
629
628
624
623
622
621
617
613
609
608
607
606
605
604
603
602
601
600
599
598
597
596
595
591
590
589
588
584
583
579
575
571
570
566
565
561
557
556
555
554
553
552
548
547
546
545
544
543
539
535
534
533
532
528
524
520
516
512
511
507
503
499
498
494
490
486
482
478
474
470
466
462
458
454
453
449
445
441
440
439
438
437
436
432
431
427
423
422
421
417
416
415
414
413
409
405
401
397
393
389
385
381
377
373
369
368
364
363
359
355
351
347
343
339
335
334
330
326
322
318
314
310
306
302
301
300
296
292
288
284
280
279
278
274
270
269
268
264
260
259
255
251
250
249
245
244
240
236
235
231
227
226
222
218
214
213
209
205
201
197
196
192
188
184
180
179
175
171
167
166
162
158
157
153
149
145
141
137
133
129
125
121
117
113
109
105
101
97
93
89
85
81
77
73
69
65
61
60
56
52
48
47
43
39
35
31
27
23
22
18
14
10
6
2
997
996
995
994
993
992
991
990
989
988
987
986
985
984
983
982
981
980
979
978
977
976
975
974
973
972
971
970
969
968
967
963
962
958
957
956
955
954
953
952
951
950
949
948
947
946
945
944
943
942
941
940
939
938
937
936
935
934
933
932
931
930
929
928
927
926
925
924
923
922
921
920
919
918
917
916
915
914
913
912
911
910
909
908
907
906
905
904
903
902
901
900
899
895
894
893
892
891
890
889
888
887
886
885
884
883
882
881
880
879
878
877
876
875
874
873
872
871
870
869
868
867
863
862
858
857
856
855
854
853
852
851
847
846
845
841
840
839
838
837
836
835
834
833
829
828
827
826
825
824
823
822
818
817
816
815
814
813
812
811
807
803
802
798
797
796
795
794
793
792
788
784
783
782
781
780
779
778
774
773
769
768
767
766
765
764
763
762
761
760
759
758
757
756
752
751
747
743
742
738
734
733
732
728
727
726
725
721
720
719
718
717
716
712
708
707
706
702
701
700
699
698
694
693
692
691
690
689
688
687
686
682
681
680
679
675
674
673
672
671
670
666
662
661
660
659
658
657
653
652
648
647
646
642
638
637
636
632
628
627
626
625
621
620
616
612
611
607
603
602
598
594
590
589
588
587
586
585
581
580
576
575
571
567
563
562
558
554
550
549
548
547
546
545
544
540
536
535
534
533
532
528
527
526
525
521
517
513
509
508
507
506
505
501
497
496
492
491
490
489
488
484
480
479
475
471
467
463
459
455
454
453
449
445
444
443
439
435
434
430
429
425
421
420
416
412
411
407
403
399
398
394
393
389
385
384
380
376
372
371
370
366
362
358
357
353
349
348
344
340
336
332
328
327
323
322
318
314
310
309
308
304
300
296
295
291
287
283
279
278
277
273
272
271
267
263
259
258
254
253
249
245
241
237
233
229
225
221
220
216
212
208
204
200
196
192
188
184
180
176
172
168
167
163
159
155
151
147
143
139
135
131
127
123
119
115
111
107
103
99
95
91
87
86
82
78
74
70
66
62
58
54
50
46
42
38
34
30
26
22
18
14
10
6
2
586
582
581
577
576
572
568
564
563
559
555
551
550
549
548
544
540
536
532
531
530
529
528
524
520
519
518
514
510
506
505
501
500
499
495
494
493
489
485
481
480
476
472
468
467
466
465
464
460
459
458
454
453
449
448
444
440
436
432
428
424
420
416
415
411
410
409
405
401
400
396
392
388
387
383
379
378
377
373
369
365
361
357
353
349
348
347
343
339
335
334
330
329
325
321
317
313
309
308
304
300
296
295
291
290
286
282
278
274
273
272
268
264
260
256
252
251
247
243
239
235
231
227
223
222
218
214
210
206
202
198
197
193
189
185
181
177
173
169
165
161
157
153
149
145
144
140
136
132
128
124
120
116
112
111
107
103
99
98
94
90
86
82
78
74
70
66
62
58
54
50
46
45
41
37
33
29
25
21
17
13
9
5
1
185
181
177
173
169
165
161
157
153
149
145
141
140
139
135
134
130
126
122
118
114
110
106
105
104
100
96
92
91
87
83
79
75
71
67
63
59
55
51
47
46
42
38
34
30
26
22
18
14
10
6
2
613
609
605
601
600
599
595
591
587
583
582
581
580
579
575
574
573
572
568
567
563
559
555
554
553
549
545
544
543
539
538
534
533
532
531
530
526
525
524
520
519
518
517
516
515
514
510
506
502
498
494
490
486
485
481
480
479
478
477
476
475
474
473
472
471
467
463
459
455
454
453
449
448
444
440
439
435
431
427
423
422
418
414
413
412
408
404
403
399
395
391
387
383
379
375
371
367
363
359
355
351
347
343
342
341
337
333
329
325
321
317
313
309
308
304
300
296
295
291
290
286
282
278
274
270
266
262
261
260
256
255
251
247
246
242
241
240
239
235
231
227
223
219
218
214
210
206
202
198
194
193
189
185
184
180
176
172
168
164
160
156
152
148
144
140
136
132
128
124
120
116
112
108
104
100
96
92
88
84
80
76
72
68
64
60
56
52
48
44
40
36
32
28
24
20
16
12
8
4
0
999
998
997
996
995
994
993
992
991
990
989
988
987
986
985
984
983
982
981
980
979
978
977
976
975
974
973
969
968
967
966
965
964
963
962
961
960
959
958
954
953
952
951
950
949
948
944
943
942
938
937
936
935
934
933
932
928
927
926
925
924
920
919
918
917
916
915
914
913
912
908
907
903
902
901
900
899
898
894
893
892
891
890
889
888
887
886
885
884
883
882
881
880
879
878
877
876
875
874
873
872
871
870
869
868
867
866
865
864
860
859
858
854
853
849
845
844
843
842
841
837
836
835
831
830
829
828
827
823
822
818
817
813
812
811
810
809
808
807
806
805
804
803
799
798
797
796
795
794
790
789
785
781
780
779
775
774
773
769
768
767
766
765
764
763
759
758
757
756
755
754
753
752
751
750
746
745
744
740
739
738
737
736
735
731
730
726
725
724
720
719
715
711
710
706
702
701
700
699
695
694
693
692
688
684
683
682
681
677
673
672
671
670
669
665
664
663
662
658
657
656
652
648
647
646
645
644
640
636
635
631
630
629
628
627
626
622
618
617
613
612
611
607
603
602
601
600
596
592
588
584
580
579
578
577
573
572
571
570
569
565
561
557
553
552
551
547
546
545
541
540
536
535
534
530
529
525
521
520
516
512
511
510
506
505
504
500
499
498
497
496
495
491
490
486
482
481
480
476
472
468
467
466
465
461
460
459
458
457
453
449
445
444
443
439
435
431
427
423
422
421
420
416
412
411
407
403
399
398
397
393
389
385
381
377
373
369
368
364
360
356
352
348
344
343
339
338
334
330
326
325
321
317
313
312
311
310
306
302
301
297
296
292
288
284
280
279
278
274
270
266
265
261
257
256
252
248
244
240
236
232
228
224
220
216
212
208
204
200
199
198
194
193
189
185
184
180
176
172
168
164
160
156
155
154
150
146
142
138
134
130
129
125
124
120
116
112
108
104
100
96
92
88
84
80
76
72
71
67
63
59
55
51
47
43
39
35
31
27
23
19
15
11
7
3
278
274
270
269
268
264
263
259
255
251
247
243
242
238
234
230
226
222
221
217
213
209
205
204
200
196
192
188
184
180
179
175
171
167
166
162
158
154
150
146
142
138
134
130
129
125
121
117
113
109
105
101
100
96
92
88
84
80
76
72
71
67
63
59
55
51
47
43
39
35
31
27
23
19
15
11
7
3
610
609
608
604
600
596
592
588
587
586
585
581
580
576
575
571
567
566
565
564
563
559
558
557
556
552
548
544
540
539
538
537
533
532
528
524
523
519
515
514
510
509
508
507
503
502
498
497
493
492
491
487
486
482
478
474
473
469
468
464
460
459
455
451
450
446
442
438
437
433
429
425
424
423
419
418
414
410
406
405
404
400
396
392
388
384
383
382
378
374
373
372
371
370
366
365
361
360
356
352
351
350
349
345
344
340
336
335
334
333
332
328
324
320
319
315
311
307
306
305
301
297
293
292
288
287
283
279
275
271
267
266
262
261
257
256
252
248
244
240
239
235
231
227
223
219
215
211
207
203
199
195
194
190
186
182
178
174
173
169
165
164
160
159
158
154
150
146
142
138
134
130
126
122
118
114
110
106
102
101
97
93
89
85
84
80
76
72
68
64
63
59
55
51
47
43
39
35
31
27
23
19
15
11
7
3
304
300
299
298
294
293
289
285
281
277
276
272
271
267
263
259
255
251
247
246
245
241
237
236
235
231
227
223
219
215
211
207
203
199
198
194
190
186
182
178
174
170
166
162
158
154
150
146
142
138
134
130
126
122
121
120
119
115
111
110
106
102
98
94
90
86
82
78
74
70
66
62
58
54
50
46
42
38
34
30
26
22
18
14
10
6
2
121
117
113
112
108
104
100
96
92
88
84
80
76
72
68
64
60
56
52
48
44
40
36
32
28
24
20
16
12
8
4
0
999
998
997
996
995
994
993
992
991
990
989
988
987
986
985
984
983
982
981
980
976
972
971
970
969
965
964
963
962
961
960
959
958
957
956
955
954
953
952
951
950
949
948
947
946
945
944
943
942
941
940
936
935
934
933
932
931
930
929
928
927
926
925
924
923
919
918
917
916
912
911
910
909
908
904
903
902
901
900
899
898
897
896
895
894
893
892
891
890
889
888
884
883
879
878
877
876
875
874
873
872
871
870
869
868
867
866
865
864
863
862
861
860
859
858
857
856
855
854
853
849
848
847
846
842
841
840
836
832
831
827
823
822
821
820
819
818
817
813
812
808
804
803
799
798
797
796
795
794
793
792
791
790
789
788
787
786
785
781
780
779
778
777
773
769
768
767
766
762
761
760
759
758
757
756
755
754
753
752
751
750
749
745
744
743
742
741
740
736
735
731
727
726
725
721
720
719
718
717
716
715
714
710
709
708
707
706
705
704
700
696
695
694
693
692
688
687
683
679
678
677
676
672
668
664
660
659
658
657
656
652
651
647
643
639
638
634
630
626
625
621
620
619
618
614
613
612
611
607
606
605
604
